0.042429	0.652386
0.066594	0.607228
0.096564	0.57308
0.128694	0.692337
0.163524	0.668495
0.202134	0.689777
0.239124	0.695028
0.263424	0.63823
0.300009	0.713023
0.332814	0.623624
0.367509	0.709852
0.401394	0.534747
0.431499	0.592358
0.464304	0.705221
0.495624	0.714539
0.530049	0.675991
0.560964	0.632574
0.594309	0.466593
0.629814	0.526364
0.656004	0.675579
0.689349	0.569571
0.720264	0.596246
0.759144	0.516449
0.798024	0.48715
0.837309	0.650077
0.865929	0.48558
0.897519	0.564173
0.929514	0.570407
0.959079	0.445372
0.990264	0.4821
1.037109	0.545217
1.069104	0.493882
1.103529	0.515174
1.137414	0.667967
1.172379	0.561707
1.205859	0.513847
1.238124	0.488981
1.272009	0.573851
1.303329	0.576673
1.341939	0.5706
1.376229	0.512045
1.409304	0.566879
1.444539	0.467184
1.477074	0.536553
1.511094	0.575935
1.539174	0.491646
1.576029	0.547093
1.607889	0.538914
1.638399	0.459327
1.666614	0.575487
1.692939	0.503988
1.728444	0.448184
1.759224	0.464679
1.794594	0.49462
1.822944	0.544195
1.857774	0.481516
1.895844	0.533317
1.926354	0.520184
1.959969	0.469903
1.993989	0.524132
2.028009	0.487277
2.057709	0.54997
2.089704	0.579908
2.120754	0.5696
2.155584	0.511681
2.191089	0.575226
2.220519	0.567999
2.253864	0.501173
2.284779	0.489948
2.316639	0.538306
2.349174	0.558344
2.383599	0.5011
2.415324	0.535726
2.447589	0.564247
2.480259	0.542165
2.512254	0.474582
2.547354	0.541369
2.583534	0.536882
2.621469	0.509344
2.654274	0.508591
2.687754	0.446554
2.716779	0.557743
2.748504	0.572876
2.780499	0.496961
2.810469	0.474708
2.847459	0.523088
2.877699	0.490611
2.908209	0.553727
2.938449	0.55321
2.967474	0.445024
2.992584	0.709624
3.037404	0.460781
3.075339	0.560038
3.107334	0.564381
3.140814	0.471443
3.179019	0.529592
3.213714	0.5108
3.240309	0.509128
3.272844	0.571341
3.307809	0.491222
3.343044	0.503522
3.373554	0.4859
3.410274	0.550214
3.446589	0.477499
3.478044	0.536884
3.508149	0.451807
3.544734	0.554834
3.577809	0.494489
3.608184	0.564657
3.639504	0.45796
3.673389	0.528626
3.707949	0.45838
3.745344	0.55829
3.776529	0.568645
3.801774	0.564304
3.834849	0.542443
3.866169	0.537954
3.899649	0.631155
3.937449	0.516751
3.974844	0.503517
4.035459	0.512904
4.075014	0.528341
4.114434	0.559818
4.152909	0.511147
4.186794	0.529913
4.218924	0.550812
4.246869	0.454121
4.283859	0.449654
4.317744	0.471624
4.355409	0.493292
4.388484	0.533509
4.418859	0.453921
4.452069	0.524511
4.487844	0.468065
4.520649	0.528219
4.549269	0.489338
4.582884	0.535569
4.614204	0.477433
4.644714	0.451895
4.680759	0.555122
4.716399	0.540413
4.750689	0.479739
4.781739	0.461293
4.817514	0.555096
4.848699	0.476788
4.882719	0.57124
4.922409	0.53738
4.960344	0.551871
4.993824	0.508447
5.031759	0.502837
5.067399	0.514377
5.100744	0.525632
5.127879	0.557299
5.164599	0.462204
5.193624	0.448275
5.222649	0.562019
5.250999	0.53554
5.279754	0.531786
5.307834	0.452687
5.344014	0.509195
5.375604	0.489729
5.411379	0.599237
5.444994	0.50719
5.481579	0.56319
5.514249	0.519819
5.542329	0.473032
5.578239	0.526202
5.608344	0.520421
5.643714	0.555879
5.675439	0.5089
5.709594	0.577439
5.745234	0.471687
5.774664	0.462906
5.806524	0.479504
5.842974	0.529092
5.874429	0.467318
5.910744	0.508443
5.944629	0.570558
5.980404	0.572413
6.032109	0.458246
6.064779	0.572362
6.099744	0.556886
6.130524	0.55259
6.160494	0.500265
6.189384	0.546599
6.222594	0.503225
6.252024	0.537659
6.284694	0.57249
6.316554	0.487526
6.350709	0.516097
6.383784	0.507322
6.421314	0.490443
6.456549	0.573601
6.493404	0.559852
6.528234	0.578896
6.558069	0.450129
6.587094	0.573125
6.623004	0.452734
6.656619	0.528261
6.691449	0.473428
6.726819	0.545132
6.756249	0.529038
6.791484	0.552077
6.822129	0.522107
6.852369	0.461826
6.888144	0.483462
6.921624	0.522145
6.952134	0.461074
6.981969	0.449536
7.035834	0.487648
7.071474	0.469859
7.100499	0.537544
7.134249	0.541691
7.172859	0.489721
7.203909	0.559259
7.238469	0.483319
7.270464	0.453926
7.304754	0.506974
7.338639	0.646085
7.371309	0.472754
7.403979	0.570028
7.433814	0.503149
7.464999	0.523456
7.496589	0.563312
7.530609	0.567296
7.562739	0.525947
7.598244	0.479937
7.631589	0.491093
7.663179	0.515801
7.690449	0.567012
7.727574	0.527677
7.761864	0.554745
7.793319	0.520534
7.827474	0.554043
7.865949	0.576417
7.899429	0.562286
7.930479	0.502749
7.965984	0.56355
7.995819	0.528179
8.032809	0.478561
8.065479	0.534129
8.102604	0.576367
8.135544	0.555908
8.167134	0.487112
8.202099	0.465741
8.238954	0.505325
8.272164	0.445901
8.308479	0.519689
8.337909	0.526782
8.368554	0.451417
8.404059	0.552048
8.439429	0.482428
8.468049	0.57802
8.503824	0.548163
8.537979	0.477441
8.573889	0.472505
8.608584	0.520414
8.642334	0.53857
8.679459	0.463008
8.713884	0.525594
8.749254	0.446159
8.791644	0.535674
8.826609	0.572237
8.853879	0.485086
8.890734	0.468971
8.920839	0.512466
8.956209	0.530253
8.990904	0.569594
9.033024	0.56993
9.068124	0.5695
9.105789	0.490666
9.139269	0.455968
9.172479	0.570667
9.209739	0.534751
9.239979	0.540196
9.273189	0.514476
9.309909	0.539785
9.339879	0.490983
9.374439	0.530967
9.407244	0.539101
9.442479	0.533104
9.474339	0.47242
9.510249	0.449504
9.548184	0.563296
9.583284	0.509567
9.611499	0.462513
9.642414	0.556327
9.667929	0.631907
9.704244	0.520465
9.741234	0.47109
9.771069	0.482323
9.801444	0.563057
9.838434	0.480512
9.873129	0.567044
9.904989	0.568994
9.943329	0.564891
9.979644	0.490218
10.034724	0.469835
10.067124	0.535902
10.098309	0.553332
10.137324	0.477932
10.171614	0.537844
10.208064	0.510922
10.246134	0.541911
10.279749	0.45612
10.307964	0.467381
10.342389	0.462266
10.374924	0.692694
10.412454	0.466945
10.447824	0.481422
10.476309	0.494909
10.507494	0.453166
10.534899	0.503502
10.574454	0.552343
10.601049	0.519294
10.636959	0.458527
10.670709	0.485712
10.700004	0.511759
10.730379	0.552794
10.764669	0.445872
10.797474	0.518289
10.835679	0.686257
10.868484	0.502719
10.898454	0.655758
10.930719	0.556731
10.958664	0.508956
10.990659	0.525128
11.036694	0.502672
11.073144	0.492252
11.100954	0.570625
11.138079	0.591093
11.177364	0.538146
11.207334	0.518411
11.242569	0.446917
11.277399	0.579119
11.305749	0.515953
11.336529	0.569053
11.371899	0.478148
11.408079	0.5779
11.442369	0.553457
11.474364	0.47723
11.506359	0.449457
11.543214	0.536514
11.573994	0.553602
11.603289	0.496403
11.637039	0.467805
11.669709	0.518088
11.701704	0.512168
11.731404	0.624084
11.768529	0.491011
11.799849	0.577647
11.830224	0.50044
11.865729	0.519654
11.894484	0.475746
11.926884	0.478593
11.959554	0.472411
11.990334	0.479071
12.034074	0.460899
12.066744	0.460339
12.100899	0.568084
12.128304	0.574177
12.160299	0.50094
12.194724	0.49489
12.228879	0.511433
12.257634	0.561314
12.285984	0.569578
12.321219	0.566459
12.356589	0.573442
12.389124	0.46529
12.424629	0.478765
12.458514	0.480095
12.491589	0.487292
12.520344	0.497871
12.555309	0.476917
12.589464	0.578633
12.625644	0.459851
12.661014	0.550586
12.693279	0.466714
12.732159	0.480578
12.765639	0.463122
12.798174	0.47523
12.829089	0.492441
12.864189	0.574559
12.893889	0.464437
12.925344	0.495937
12.964359	0.485435
12.994059	0.445509
13.031454	0.49666
13.066149	0.563567
13.092879	0.498516
13.127169	0.526279
13.159974	0.512184
13.192914	0.533058
13.219644	0.551444
13.259469	0.495958
13.292004	0.537762
13.319814	0.44646
13.351539	0.548549
13.381374	0.535302
13.417014	0.537662
13.454004	0.532946
13.488294	0.56359
13.527579	0.465445
13.565109	0.48303
13.599804	0.48747
13.636929	0.563284
13.671084	0.537894
13.702674	0.44805
13.736289	0.569555
13.772064	0.558055
13.805139	0.531292
13.839429	0.569389
13.872504	0.454077
13.905444	0.564261
13.936494	0.574963
13.967679	0.579794
13.999539	0.456874
14.029914	0.559921
14.063664	0.513293
14.098764	0.56363
14.135619	0.535799
14.165994	0.469945
14.198259	0.514479
14.230389	0.486157
14.260764	0.541644
14.293434	0.468821
14.325969	0.542654
14.357694	0.457845
14.390229	0.569401
14.422494	0.486817
14.453139	0.51285
14.489049	0.565145
14.519694	0.578146
14.556414	0.543135
14.584899	0.496728
14.617029	0.518092
14.651589	0.474336
14.686419	0.587301
14.718144	0.557761
14.752029	0.472076
14.788614	0.468414
14.820204	0.453379
14.853414	0.525506
14.884599	0.463301
14.914704	0.529388
14.950884	0.482542
14.978964	0.563903
15.032424	0.450379
15.068604	0.579876
15.101139	0.529878
15.135294	0.465105
15.162429	0.460279
15.195234	0.571914
15.228579	0.546646
15.257469	0.523436
15.290544	0.46145
15.321729	0.467716
15.356289	0.484701
15.385179	0.45605
15.417984	0.486585
15.454434	0.553409
15.490074	0.475223
15.520584	0.488783
15.552444	0.587194
15.578229	0.492106
15.606714	0.538212
15.638439	0.557201
15.675699	0.479169
15.709449	0.468747
15.743739	0.523986
15.774654	0.460869
15.808269	0.501788
15.843234	0.462091
15.877389	0.532791
15.913434	0.50996
15.945429	0.523232
15.981879	0.459312
16.033044	0.48662
16.062474	0.497043
16.096494	0.536557
16.131054	0.549766
16.164399	0.540678
16.198149	0.579239
16.232844	0.567614
16.264704	0.502672
16.297374	0.573761
16.336119	0.551997
16.373379	0.532923
16.406184	0.448884
16.437099	0.514785
16.467204	0.541096
16.496499	0.455218
16.530249	0.533328
16.565619	0.537823
16.599909	0.48323
16.634604	0.559374
16.669569	0.452542
16.703859	0.454203
16.737474	0.491558
16.771224	0.497635
16.801464	0.531068
16.833189	0.46573
16.865049	0.56033
16.898394	0.506032
16.933764	0.457907
16.964814	0.507675
17.000319	0.502368
17.030154	0.563609
17.065524	0.451505
17.096034	0.517092
17.130594	0.567574
17.162589	0.50309
17.193234	0.539012
17.228469	0.555446
17.257629	0.463603
17.292594	0.501482
17.326614	0.541266
17.356314	0.499757
17.387094	0.528552
17.422059	0.499238
17.454054	0.478013
17.488749	0.571272
17.520069	0.50092
17.557869	0.555208
17.592564	0.515319
17.620914	0.568014
17.651019	0.512967
17.689224	0.572296
17.723109	0.529415
17.756454	0.533649
17.792634	0.533165
17.821794	0.572451
17.859054	0.456342
17.889699	0.634076
17.923584	0.52923
17.958954	0.559868
17.991219	0.455294
18.032664	0.491692
18.066819	0.527978
18.104619	0.462425
18.137694	0.566327
18.170904	0.516255
18.204249	0.505549
18.236244	0.520983
18.269724	0.482046
18.307524	0.579412
18.340464	0.509597
18.371244	0.455856
18.406209	0.530793
18.435639	0.557271
18.466284	0.53301
18.505434	0.544377
18.541344	0.573708
18.573609	0.534477
18.605334	0.490622
18.647319	0.549047
18.681474	0.459765
18.716574	0.501361
18.749379	0.551208
18.777864	0.516897
18.807834	0.501919
18.842799	0.468162
18.875604	0.468185
18.906249	0.525031
18.935409	0.556645
18.966864	0.480203
19.029909	0.474612
19.066494	0.454874
19.098624	0.465924
19.131834	0.488002
19.162614	0.530269
19.194069	0.547562
19.225929	0.494715
19.263459	0.525326
19.303959	0.499106
19.334874	0.546464
19.371864	0.55988
19.404129	0.574862
19.433154	0.461633
19.463799	0.456896
19.497954	0.48406
19.530489	0.535967
19.564644	0.537324
19.595424	0.54381
19.627554	0.505122
19.657659	0.551781
19.691004	0.514041
19.722999	0.482445
19.759179	0.451567
19.792659	0.551703
19.818984	0.534116
19.849764	0.510016
19.883649	0.48343
19.918074	0.59741
19.951014	0.531789
19.980444	0.487377
20.034174	0.544348
20.065629	0.571002
20.100729	0.533502
20.131509	0.47519
20.165394	0.579553
20.197929	0.551297
20.235324	0.542587
20.267859	0.492953
20.297424	0.540189
20.328879	0.4517
20.360739	0.550348
20.394489	0.526431
20.426754	0.533245
20.458209	0.520331
20.490339	0.564014
20.519229	0.512385
20.552169	0.467081
20.588754	0.513421
20.621694	0.567982
20.652069	0.47331
20.684469	0.538732
20.722269	0.568199
20.751564	0.51274
20.783559	0.540664
20.813394	0.467976
20.846874	0.445392
20.875764	0.535469
20.911944	0.505283
20.949474	0.524198
20.982819	0.498499
21.029664	0.45288
21.064899	0.49498
21.099864	0.547086
21.133749	0.446719
21.170874	0.57812
21.201789	0.760412
21.234864	0.548636
21.270099	0.473936
21.302769	0.497905
21.339084	0.533611
21.372429	0.464938
21.399429	0.5268
21.431559	0.542039
21.464499	0.502146
21.497979	0.512796
21.530244	0.521766
21.568044	0.488962
21.601119	0.579943
21.632844	0.535228
21.664029	0.55559
21.694809	0.587659
21.733419	0.449315
21.769734	0.52992
21.801729	0.555355
21.836559	0.453829
21.869094	0.458857
21.899469	0.543826
21.940509	0.525398
21.974799	0.555404
22.033254	0.556137
22.070379	0.491736
22.103589	0.568132
22.136529	0.578401
22.164609	0.542829
22.197009	0.526643
22.230759	0.566678
22.269234	0.461261
22.307574	0.46298
22.345104	0.561957
22.369539	0.48002
22.402749	0.495794
22.435284	0.476266
22.471329	0.488341
22.506294	0.472534
22.537884	0.495546
22.566909	0.457407
22.599849	0.448371
22.641699	0.498532
22.677744	0.545479
22.712034	0.536572
22.745379	0.454549
22.779129	0.45395
22.809369	0.484638
22.835289	0.476678
22.870119	0.493776
22.905759	0.554989
22.943829	0.525061
22.978524	0.477303
23.030094	0.460767
23.063169	0.468385
23.095569	0.498295
23.127969	0.570157
23.160504	0.57949
23.199384	0.447948
23.228949	0.498413
23.257704	0.517061
23.289159	0.449023
23.321964	0.450978
23.352744	0.517218
23.387169	0.540734
23.414979	0.483714
23.450349	0.568436
23.480724	0.48677
23.509074	0.505286
23.539179	0.577678
23.574414	0.619781
23.608164	0.467982
23.641914	0.45319
23.680659	0.452648
23.711709	0.565452
23.750049	0.571894
23.779479	0.520201
23.810124	0.556292
23.845224	0.560733
23.881809	0.568406
23.915559	0.506817
23.944989	0.568443
23.978469	0.562372
24.035034	0.513696
24.066759	0.449508
24.099834	0.467991
24.128184	0.47939
24.158154	0.546589
24.188664	0.476194
24.220929	0.46027
24.249819	0.479968
24.286269	0.463387
24.319614	0.524644
24.354984	0.513192
24.387924	0.457251
24.419649	0.473726
24.453129	0.538481
24.483909	0.510812
24.515364	0.503759
24.544389	0.49955
24.578274	0.545084
24.612294	0.504744
24.648339	0.530507
24.675069	0.654235
24.704229	0.506312
24.738924	0.483362
24.776319	0.479274
24.806829	0.465216
24.840849	0.539407
24.868794	0.519567
24.897819	0.512005
24.929544	0.483088
24.957624	0.523148
24.984894	0.680264
25.032414	0.505575
25.063059	0.543034
25.097349	0.561063
25.128264	0.562923
25.168494	0.551838
25.200489	0.553527
25.228299	0.518464
25.265694	0.455031
25.297284	0.495549
25.333599	0.528818
25.363974	0.526748
25.396104	0.542594
25.425534	0.567516
25.461444	0.449417
25.490064	0.48894
25.523004	0.45653
25.553649	0.481059
25.586454	0.449196
25.615479	0.574177
25.645989	0.562944
25.680414	0.523178
25.711599	0.498898
25.743729	0.471609
25.776939	0.552644
25.813929	0.552483
25.844844	0.496933
25.881564	0.543461
25.911534	0.573586
25.943934	0.482617
25.972419	0.558172
26.031549	0.534493
26.062329	0.473125
26.100399	0.509358
26.131989	0.571373
26.163039	0.538274
26.196384	0.479875
26.228109	0.471442
26.256189	0.527684
26.286834	0.520671
26.321124	0.532555
26.351094	0.56684
26.387274	0.533766
26.420484	0.447892
26.454774	0.644219
26.488929	0.468924
26.522679	0.459922
26.553594	0.573565
26.593824	0.476355
26.622714	0.455449
26.662404	0.527719
26.694804	0.539636
26.729094	0.55295
26.763114	0.481609
26.788359	0.500215
26.818329	0.529128
26.855994	0.567054
26.892984	0.455242
26.927814	0.525614
26.961969	0.542198
27.027849	0.573535
27.063759	0.572646
27.098319	0.507782
27.131259	0.539149
27.165819	0.490452
27.200109	0.503563
27.233454	0.549694
27.266124	0.461756
27.295554	0.555535
27.333489	0.571248
27.364944	0.459454
27.397344	0.460881
27.430689	0.555982
27.463224	0.476814
27.499404	0.54836
27.535449	0.459295
27.569739	0.548965
27.603084	0.516225
27.638589	0.539379
27.674094	0.454301
27.705009	0.501216
27.741054	0.475812
27.779934	0.561906
27.813954	0.562434
27.846489	0.476446
27.880644	0.50443
27.914664	0.467411
27.955029	0.536918
27.988644	0.702095
28.033194	0.520046
28.070319	0.566274
28.102989	0.516262
28.140789	0.517019
28.173729	0.610997
28.209774	0.554159
28.243659	0.49416
28.280244	0.552061
28.316694	0.545956
28.350309	0.509562
28.381359	0.548115
28.416864	0.53922
28.450074	0.521391
28.479774	0.546219
28.512174	0.44871
28.540929	0.559838
28.571304	0.557252
28.599924	0.544813
28.633944	0.509125
28.672419	0.48778
28.705494	0.482429
28.738299	0.446989
28.772994	0.471744
28.806609	0.450748
28.846299	0.554595
28.878159	0.473169
28.911909	0.470576
28.945389	0.535575
28.979274	0.533867
29.031789	0.564625
29.066754	0.464743
29.105094	0.539229
29.136954	0.555193
29.168814	0.466484
29.199189	0.4806
29.230374	0.445477
29.260749	0.573299
29.293149	0.504814
29.324064	0.460623
29.362539	0.512064
29.392914	0.494162
29.424504	0.558056
29.457579	0.551257
29.493219	0.499066
29.525889	0.508786
29.555994	0.468912
29.590689	0.520625
29.622954	0.519622
29.655489	0.533218
29.694504	0.49126
29.728254	0.574819
29.763489	0.576175
29.792109	0.541576
29.823969	0.488709
29.857719	0.561847
29.888634	0.548585
29.921709	0.491409
29.954514	0.475545
29.993529	0.507149
30.031734	0.48072
30.074124	0.522126
30.102069	0.551949
30.136764	0.448707
30.167949	0.5368
30.207369	0.560443
30.241524	0.536263
30.270819	0.547714
30.303354	0.571857
30.336834	0.538362
30.371934	0.521131
30.406629	0.575282
30.444834	0.483898
30.479934	0.512294
30.508419	0.553036
30.544869	0.537535
30.582129	0.564138
30.608724	0.497808
30.642744	0.492796
30.675414	0.466772
30.705654	0.525626
30.744129	0.503087
30.779769	0.542926
30.814869	0.480572
30.849024	0.570463
30.883989	0.638327
30.921654	0.54286
30.954864	0.47521
30.991989	0.462092
31.028439	0.546172
31.058814	0.49666
31.090404	0.540692
31.121994	0.485333
31.154124	0.509098
31.186794	0.458262
31.224054	0.514146
31.253619	0.515333
31.291824	0.538716
31.319364	0.466613
31.345014	0.468801
31.376199	0.466192
31.403739	0.555944
31.431414	0.512137
31.465299	0.569251
31.501479	0.507282
31.537929	0.501986
31.572084	0.45189
31.611234	0.451438
31.643634	0.543207
31.675089	0.508954
31.713024	0.65723
31.742589	0.501586
31.772694	0.483148
31.811709	0.562954
31.846944	0.481874
31.879884	0.5377
31.907694	0.503867
31.940634	0.528578
31.970739	0.516124
31.998954	0.5056
32.036889	0.456631
32.070234	0.511764
32.101689	0.528508
32.134764	0.479269
32.164464	0.516897
32.195514	0.496611
32.230479	0.46125
32.261529	0.57339
32.292849	0.538942
32.327679	0.552372
32.362779	0.499482
32.398149	0.448823
32.432169	0.477351
32.469564	0.577511
32.506419	0.546098
32.542464	0.484152
32.576484	0.548998
32.608479	0.567672
32.638449	0.517768
32.671659	0.452162
32.707434	0.547723
32.736189	0.447098
32.770884	0.566831
32.804229	0.561631
32.835279	0.495907
32.874429	0.507435
32.903184	0.544438
32.931129	0.540768
32.967579	0.451105
33.031704	0.452223
33.069504	0.468163
33.100689	0.488032
33.139029	0.567219
33.173049	0.570089
33.205179	0.553237
33.235284	0.467186
33.267009	0.499067
33.302244	0.502031
33.333024	0.579219
33.364479	0.55184
33.397149	0.503011
33.432384	0.492866
33.463434	0.506645
33.500154	0.599998
33.534579	0.500911
33.565089	0.56196
33.596409	0.548588
33.628404	0.487608
33.659724	0.471043
33.695904	0.47563
33.729789	0.487484
33.758814	0.537272
33.785139	0.523395
33.816999	0.458511
33.847509	0.464622
33.884364	0.544179
33.918384	0.531269
33.950649	0.493337
33.982104	0.514617
34.032054	0.519075
34.072824	0.517303
34.105764	0.459491
34.143969	0.516869
34.177044	0.50429
34.207959	0.489764
34.244409	0.547834
34.280049	0.45397
34.315419	0.512477
34.356324	0.564653
34.390479	0.472688
34.425984	0.546435
34.464054	0.540065
34.496049	0.517118
34.528854	0.552241
34.561659	0.579945
34.593249	0.51523
34.621059	0.534607
34.659669	0.5692
34.689504	0.452593
34.716369	0.539335
34.747689	0.505589
34.773339	0.452874
34.803444	0.547999
34.831119	0.536001
34.863654	0.538375
34.899564	0.703367
34.936824	0.527163
34.967064	0.5218
34.997169	0.475774
35.033484	0.516668
35.065479	0.520154
35.096124	0.551754
35.130684	0.461282
35.168349	0.541755
35.202099	0.489077
35.235174	0.464257
35.264199	0.485111
35.300379	0.578395
35.334939	0.556073
35.361804	0.499186
35.399064	0.476602
35.435379	0.490515
35.470614	0.552564
35.506119	0.478585
35.542164	0.56877
35.572269	0.447999
35.604399	0.552564
35.635314	0.517467
35.665689	0.501825
35.700654	0.45594
35.735349	0.532239
35.768559	0.540552
35.799204	0.495426
35.828634	0.563829
35.864004	0.493197
35.897349	0.491077
35.934744	0.47612
35.966064	0.509556
35.998329	0.49707
36.032349	0.501792
36.061239	0.449041
36.096744	0.692322
36.127794	0.548098
36.156819	0.540858
36.191784	0.469756
36.228234	0.505481
36.258744	0.447722
36.294114	0.567283
36.319899	0.452048
36.357564	0.710456
36.394824	0.576562
36.428304	0.52143
36.462459	0.462066
36.494994	0.45059
36.528339	0.485937
36.555609	0.497841
36.585579	0.559523
36.620409	0.511596
36.650379	0.689894
36.688854	0.493868
36.717474	0.519138
36.752574	0.489418
36.788754	0.537429
36.823314	0.504718
36.856119	0.460921
36.886224	0.551762
36.925104	0.545006
36.958854	0.499165
36.993549	0.553938
37.034319	0.701031
37.063479	0.44765
37.095879	0.448281
37.125039	0.551091
37.155954	0.498178
37.191999	0.511423
37.228719	0.53642
37.257339	0.447237
37.293519	0.51365
37.323354	0.535914
37.360074	0.46725
37.393554	0.566873
37.420419	0.546846
37.453764	0.562911
37.486029	0.54948
37.518834	0.548074
37.546239	0.577256
37.573644	0.552331
37.602804	0.458461
37.638579	0.459804
37.669359	0.571024
37.702704	0.471702
37.732269	0.545856
37.769394	0.483768
37.803279	0.553026
37.835004	0.563382
37.868214	0.565362
37.906419	0.486601
37.937874	0.458656
37.968789	0.475404
38.030079	0.503573
38.060319	0.484971
38.090964	0.565675
38.125254	0.484243
38.156034	0.489134
38.192214	0.522098
38.228259	0.448608
38.265654	0.526501
38.299539	0.476818
38.335179	0.567571
38.363259	0.511941
38.395524	0.481237
38.423874	0.697405
38.455194	0.448214
38.487324	0.556379
38.522424	0.530976
38.553879	0.569211
38.588304	0.507062
38.620299	0.499876
38.654319	0.476896
38.691579	0.545078
38.727894	0.567713
38.759484	0.496833
38.784729	0.578035
38.821044	0.49098
38.856279	0.57363
38.890164	0.451803
38.926209	0.538588
38.956989	0.523262
38.985474	0.563192
39.033129	0.536558
39.066879	0.56976
39.104004	0.487256
39.138969	0.551128
39.175689	0.499044
39.208359	0.485851
39.238734	0.497835
39.272619	0.44908
39.304749	0.560832
39.338229	0.569169
39.368334	0.464066
39.399924	0.578044
39.433134	0.453989
39.464724	0.458659
39.497124	0.50705
39.527904	0.562717
39.559359	0.505233
39.600534	0.55074
39.628614	0.483979
39.662634	0.532111
39.696114	0.511791
39.725139	0.499687
39.758889	0.447385
39.787914	0.50654
39.821664	0.506037
39.853524	0.454828
39.893079	0.488752
39.923049	0.487174
39.950589	0.470015
39.983799	0.578651
40.035234	0.455528
40.070604	0.499909
40.103544	0.498745
40.136214	0.496857
40.167534	0.554598
40.199259	0.456007
40.231254	0.519159
40.259334	0.509797
40.290654	0.467041
40.331424	0.492871
40.364499	0.559467
40.395954	0.523611
40.428219	0.482638
40.461969	0.540647
40.495719	0.466608
40.527849	0.479316
40.561869	0.467534
40.595484	0.5604
40.628829	0.504665
40.663254	0.537252
40.692954	0.524273
40.729404	0.505184
40.761804	0.501309
40.796229	0.486641
40.832274	0.556288
40.864944	0.47349
40.903554	0.49346
40.942974	0.476578
40.975374	0.467048
41.040444	0.562002
41.075814	0.567935
41.110239	0.568382
41.143179	0.496582
41.174364	0.563552
41.203389	0.560299
41.237544	0.554612
41.271699	0.484182
41.308554	0.466027
41.344194	0.495431
41.379294	0.567219
41.413179	0.508733
41.441799	0.458147
41.476899	0.51913
41.505924	0.531207
41.544534	0.469477
41.578824	0.458239
41.612979	0.466864
41.642544	0.484836
41.669949	0.567293
41.707749	0.474806
41.737719	0.468678
41.769309	0.542816
41.798874	0.445802
41.830329	0.575095
41.868669	0.474533
41.902554	0.53806
41.936169	0.509389
41.967354	0.557279
41.998134	0.459366
42.031749	0.471621
42.062934	0.485018
42.095739	0.52131
42.134889	0.549117
42.172554	0.570106
42.206034	0.528121
42.234249	0.543444
42.269484	0.488332
42.304854	0.465019
42.342789	0.564593
42.374649	0.473737
42.405024	0.525662
42.437289	0.512474
42.471579	0.563877
42.507894	0.513976
42.537729	0.465615
42.566754	0.466652
42.600504	0.474339
42.635739	0.449338
42.670839	0.494378
42.707964	0.498699
42.743064	0.524602
42.775869	0.48787
42.807324	0.45604
42.840129	0.51111
42.868884	0.45719
42.904524	0.489602
42.937464	0.578268
42.968244	0.454119
42.999429	0.547693
43.034799	0.54643
43.070034	0.508789
43.104459	0.506905
43.138614	0.560442
43.170339	0.461096
43.201389	0.478182
43.238379	0.543982
43.273749	0.497561
43.307094	0.507266
43.338954	0.529598
43.371759	0.453487
43.411314	0.491142
43.445604	0.551893
43.481649	0.570085
43.513374	0.458764
43.541994	0.562191
43.579119	0.535446
43.609359	0.516841
43.638114	0.539125
43.672404	0.579407
43.702644	0.472697
43.731669	0.551747
43.765149	0.560381
43.803759	0.519633
43.835079	0.50653
43.865454	0.519372
43.898529	0.553588
43.930254	0.541771
43.961979	0.520123
43.991544	0.50615
44.029344	0.525659
44.059449	0.577938
44.088744	0.527469
44.121549	0.502097
44.156919	0.551485
44.188374	0.475674
44.220504	0.477763
44.254254	0.480663
44.285169	0.562366
44.316084	0.506787
44.344974	0.538576
44.384664	0.54513
44.419089	0.466956
44.452704	0.503406
44.485104	0.541302
44.518584	0.458285
44.552604	0.486994
44.582979	0.551167
44.616189	0.552388
44.650614	0.447626
44.683149	0.48088
44.716899	0.567122
44.747949	0.465577
44.780349	0.456718
44.810994	0.479219
44.841909	0.540059
44.878629	0.551347
44.908869	0.494208
44.952339	0.546128
44.984469	0.521679
45.039819	0.478885
45.071679	0.479487
45.102054	0.514077
45.132564	0.45181
45.161589	0.504589
45.197634	0.568959
45.232869	0.446959
45.271884	0.559319
45.306174	0.573743
45.341409	0.49888
45.366924	0.547224
45.395274	0.460696
45.425514	0.486788
45.458589	0.445429
45.491799	0.546361
45.524874	0.552626
45.556599	0.496228
45.589134	0.513075
45.625584	0.564657
45.656364	0.504356
45.688494	0.546732
45.723459	0.523323
45.754914	0.524717
45.787719	0.502334
45.819714	0.520479
45.849549	0.555811
45.879519	0.449971
45.910839	0.462339
45.945939	0.480488
45.976854	0.491865
46.031664	0.447399
46.067844	0.527839
46.099164	0.554725
46.131699	0.466972
46.164369	0.546758
46.197444	0.540739
46.231059	0.490972
46.263054	0.555745
46.296939	0.445582
46.331634	0.521407
46.365789	0.471681
46.403049	0.569267
46.429509	0.528727
46.464474	0.579495
46.495389	0.49328
46.526979	0.570582
46.560459	0.554039
46.594614	0.520751
46.627014	0.571261
46.660494	0.478932
46.693704	0.504631
46.725969	0.480917
46.765524	0.500518
46.801839	0.581141
46.832754	0.558499
46.871229	0.561117
46.898769	0.452789
46.930089	0.49323
46.963839	0.570684
46.997589	0.557387
47.034039	0.554582
47.066979	0.449103
47.098164	0.487965
47.133939	0.516896
47.168904	0.511389
47.203464	0.483373
47.239509	0.56172
47.275824	0.562023
47.314029	0.49669
47.344269	0.486001
47.372754	0.570584
47.407719	0.447629
47.443224	0.53966
47.474544	0.473327
47.509914	0.54307
47.532864	0.54039
47.568909	0.502816
47.603469	0.548058
47.635194	0.554401
47.665974	0.575363
47.698239	0.514322
47.731854	0.5514
47.763984	0.484495
47.794494	0.519837
47.827164	0.674166
47.859969	0.575587
47.888724	0.487981
47.919099	0.512998
47.958519	0.51543
47.994429	0.657949
48.029664	0.572298
48.066249	0.537396
48.102294	0.49218
48.135369	0.456366
48.167769	0.523781
48.196389	0.552651
48.228114	0.456991
48.263349	0.539053
48.295074	0.535816
48.328959	0.539116
48.358659	0.477156
48.391869	0.533491
48.421704	0.453208
48.456669	0.540731
48.492039	0.573558
48.523899	0.511077
48.556434	0.578845
48.588834	0.505049
48.622584	0.485701
48.650124	0.534955
48.687114	0.602782
48.727749	0.492531
48.754074	0.551821
48.788904	0.500669
48.822249	0.472044
48.860859	0.469102
48.894069	0.576414
48.924309	0.557458
48.958734	0.529885
48.991539	0.496897
49.031769	0.627568
49.066464	0.543667
49.100079	0.454045
49.133829	0.558661
49.166094	0.567628
49.195794	0.498952
49.227519	0.499387
49.255734	0.515952
49.289619	0.687683
49.320264	0.459031
49.353474	0.610539
49.385064	0.467186
49.419759	0.54959
49.449864	0.524855
49.481724	0.534218
49.516284	0.553198
49.544499	0.480915
49.578519	0.579095
49.613214	0.465193
49.647369	0.465037
49.676799	0.563693
49.706229	0.502441
49.738224	0.490547
49.772109	0.52524
49.806939	0.558089
49.840014	0.5536
49.867959	0.510299
49.907244	0.510371
49.940994	0.520631
49.973394	0.516573
50.036709	0.524904
50.069109	0.477797
50.103669	0.535734
50.128779	0.470036
50.166579	0.49318
50.198844	0.454701
50.229084	0.501788
50.260539	0.48974
50.291454	0.513712
50.321289	0.573319
50.352339	0.457007
50.382174	0.543381
50.419704	0.487543
50.448459	0.492163
50.485719	0.568754
50.520819	0.539275
50.554569	0.566177
50.588589	0.453814
50.618829	0.493226
50.655144	0.566832
50.689704	0.448411
50.718189	0.460835
50.749509	0.539066
50.785149	0.519805
50.811609	0.546504
50.841579	0.508229
50.872089	0.458617
50.911914	0.530132
50.947554	0.503741
50.980899	0.518949
51.034494	0.457914
51.064194	0.533657
51.101049	0.583054
51.132099	0.483636
51.169494	0.465708
51.196764	0.542691
51.227544	0.506198
51.261834	0.496437
51.293424	0.536299
51.326499	0.522712
51.361869	0.462635
51.395079	0.541371
51.427344	0.532114
51.460284	0.445186
51.491604	0.466162
51.531024	0.530325
51.564234	0.578739
51.597039	0.478537
51.633219	0.55694
51.666024	0.552475
51.697344	0.447016
51.729879	0.51456
51.767814	0.562177
51.798999	0.515414
51.831534	0.505893
51.866229	0.55568
51.896604	0.546503
51.936294	0.466018
51.968694	0.472387
52.028634	0.699757
52.059819	0.462614
52.094784	0.457513
52.127454	0.488412
52.157559	0.555473
52.187529	0.507069
52.223844	0.53143
52.255029	0.47564
52.286754	0.531234
52.320504	0.516514
52.353174	0.514798
52.382739	0.502147
52.417299	0.486697
52.449159	0.474329
52.482369	0.516005
52.514229	0.524421
52.542849	0.547803
52.575789	0.535462
52.610349	0.489966
52.651254	0.531202
52.687839	0.567744
52.721184	0.566015
52.753449	0.482169
52.789629	0.57527
52.822974	0.477989
52.857804	0.553752
52.886154	0.472958
52.919094	0.543695
52.954194	0.5795
52.988349	0.52086
53.029929	0.530215
53.065299	0.508995
53.095674	0.469207
53.127669	0.550229
53.162904	0.490126
53.194359	0.493101
53.230944	0.486354
53.263074	0.487237
53.298309	0.521925
53.325714	0.452926
53.359194	0.514704
53.390379	0.563328
53.426019	0.532918
53.457879	0.540681
53.489469	0.53721
53.520384	0.509591
53.550489	0.542413
53.587344	0.528068
53.619204	0.568152
53.654574	0.479583
53.683734	0.458455
53.718564	0.471193
53.749344	0.48778
53.777424	0.476433
53.808879	0.539205
53.839659	0.468473
53.874894	0.493903
53.910939	0.577287
53.942664	0.55219
53.973984	0.546236
54.031764	0.481889
54.062544	0.535209
54.096834	0.600281
54.135984	0.478008
54.165684	0.555448
54.195654	0.446644
54.230214	0.448076
54.260184	0.576187
54.296769	0.503655
54.330384	0.452819
54.359679	0.45332
54.388974	0.533724
54.420699	0.556431
54.458364	0.554297
54.489144	0.491117
54.523164	0.48642
54.559209	0.502143
54.592014	0.48464
54.628329	0.559764
54.661134	0.563739
54.692454	0.448054
54.726879	0.496257
54.758334	0.540009
54.788574	0.44803
54.819624	0.4994
54.854454	0.466362
54.884289	0.478671
54.915204	0.540777
54.951114	0.53971
54.980814	0.492713
55.036434	0.484945
55.071264	0.496192
55.104339	0.568039
55.135659	0.448331
55.164009	0.489672
55.194654	0.496285
55.230159	0.515911
55.264449	0.457253
55.293744	0.562056
55.328574	0.539978
55.358679	0.70298
55.391079	0.519367
55.419294	0.487848
55.451424	0.581279
55.490844	0.498353
55.529589	0.457127
55.564959	0.450749
55.595334	0.4478
55.623549	0.499951
55.657839	0.484751
55.695369	0.47582
55.726554	0.56706
55.760034	0.495776
55.793379	0.451911
55.829019	0.523008
55.863579	0.546522
55.895979	0.500434
55.934994	0.470059
55.970904	0.477527
56.036244	0.555793
56.070669	0.518733
56.102124	0.494446
56.136819	0.543756
56.174484	0.445401
56.211744	0.5236
56.241714	0.565112
56.279649	0.493159
56.317044	0.524954
56.344584	0.458278
56.383329	0.525996
56.410869	0.57276
56.440839	0.484808
56.474454	0.570708
56.502264	0.476293
56.535744	0.577558
56.566524	0.451836
56.597979	0.467925
56.629974	0.55238
56.660754	0.53062
56.692074	0.572834
56.722044	0.497183
56.757684	0.449539
56.785359	0.454308
56.820729	0.475479
56.850564	0.462535
56.880129	0.519518
56.907804	0.568237
56.939664	0.487413
56.971524	0.448352
57.030924	0.565053
57.063729	0.486404
57.100314	0.505949
57.136629	0.574974
57.168354	0.513949
57.203589	0.593135
57.233019	0.515432
57.262854	0.564157
57.295794	0.45276
57.327924	0.499887
57.360054	0.50765
57.391509	0.535333
57.423774	0.544083
57.459009	0.452614
57.486684	0.544226
57.519084	0.516498
57.547839	0.465767
57.579429	0.57218
57.620469	0.678326
57.653139	0.486935
57.686754	0.530153
57.722664	0.530483
57.752499	0.460382
57.782604	0.498763
57.822429	0.531874
57.853749	0.487987
57.884934	0.473507
57.918009	0.504788
57.950409	0.561176
57.983484	0.471406
58.036674	0.561441
58.071639	0.481894
58.102824	0.519221
58.135629	0.526401
58.164654	0.480863
58.198674	0.508544
58.239039	0.565976
58.270494	0.511909
58.297359	0.465516
58.331109	0.488541
58.361754	0.565368
58.390779	0.512008
58.420074	0.467711
58.450044	0.554623
58.480419	0.526938
58.510794	0.468006
58.545894	0.492439
58.578564	0.519755
58.610559	0.493727
58.637694	0.503121
58.673199	0.503136
58.708839	0.511875
58.740969	0.476712
58.768374	0.551847
58.798749	0.448966
58.834389	0.576799
58.870839	0.609575
58.904994	0.528751
58.942119	0.446294
58.974789	0.536755
59.034729	0.519528
59.075364	0.52287
59.105874	0.565893
59.140164	0.461173
59.171889	0.464579
59.199159	0.522736
59.231289	0.553315
59.264499	0.533738
59.301354	0.471226
59.329839	0.563155
59.361564	0.512652
59.397879	0.570328
59.428794	0.529852
59.460519	0.516664
59.493999	0.448578
59.521404	0.548456
59.553939	0.472843
59.583369	0.543681
59.614149	0.478932
59.651409	0.52318
59.684079	0.485064
59.719854	0.519472
59.755494	0.468599
59.789919	0.576787
59.821644	0.522784
59.852694	0.498784
59.884284	0.528353
59.915604	0.469438
59.947464	0.475262
59.978649	0.575108
60.030759	0.553629
60.060864	0.651819
60.093264	0.571056
60.122559	0.458995
60.155769	0.510589
60.187899	0.544464
60.220029	0.449385
60.253104	0.55465
60.287799	0.486155
60.311289	0.482495
60.346659	0.551445
60.380544	0.467503
60.410919	0.546436
60.447099	0.54657
60.482334	0.48823
60.510684	0.615338
60.543624	0.495703
60.576699	0.472604
60.613014	0.544526
60.644604	0.552324
60.676329	0.559404
60.708054	0.481023
60.743829	0.48588
60.772719	0.485765
60.803229	0.567631
60.833874	0.552236
60.867489	0.462707
60.897999	0.518428
60.937014	0.457757
60.971169	0.479262
61.031514	0.492265
61.063914	0.503972
61.098339	0.459534
61.127229	0.568586
61.158954	0.548091
61.189869	0.527115
61.220649	0.570993
61.253859	0.491561
61.288419	0.489336
61.319469	0.515351
61.352004	0.519341
61.383864	0.552468
61.415184	0.578857
61.450689	0.513144
61.482954	0.489121
61.519404	0.527724
61.547079	0.55026
61.575024	0.471729
61.604994	0.470926
61.641309	0.530894
61.676949	0.490946
61.709079	0.494082
61.741614	0.50288
61.773609	0.558205
61.807089	0.524237
61.837194	0.51095
61.871889	0.471337
61.905504	0.489261
61.935339	0.509801
61.964229	0.569364
61.995549	0.568128
62.033214	0.504031
62.068989	0.479885
62.100714	0.523404
62.133924	0.452524
62.164299	0.506987
62.199669	0.451975
62.233959	0.505488
62.264334	0.514199
62.302404	0.502909
62.333184	0.579593
62.369499	0.485414
62.402034	0.511686
62.439834	0.447331
62.466564	0.543611
62.499774	0.539333
62.532984	0.512547
62.568489	0.510953
62.604669	0.490769
62.641794	0.570266
62.677164	0.458535
62.709564	0.466358
62.744394	0.713009
62.779494	0.46556
62.818914	0.492356
62.857524	0.523525
62.893704	0.445703
62.928804	0.48699
62.963904	0.502559
62.996439	0.561488
63.030324	0.500724
63.062994	0.504275
63.095799	0.452287
63.132114	0.447517
63.162624	0.571051
63.195294	0.655077
63.227019	0.481703
63.263064	0.561667
63.291414	0.565333
63.324084	0.565985
63.355404	0.571358
63.391179	0.44936
63.424659	0.501841
63.458544	0.545291
63.492429	0.483306
63.527934	0.498191
63.559794	0.456116
63.593814	0.563798
63.629454	0.517366
63.662124	0.4948
63.698574	0.576746
63.736914	0.569924
63.771069	0.492145
63.801174	0.524708
63.831009	0.500411
63.860304	0.571226
63.895404	0.466746
63.925509	0.525055
63.959529	0.454641
63.993144	0.565401
64.034319	0.549365
64.063749	0.569793
64.094124	0.57535
64.126389	0.576095
64.159329	0.492202
64.191594	0.539953
64.217919	0.557688
64.251804	0.497623
64.292304	0.52183
64.329294	0.512863
64.361424	0.515318
64.393419	0.549367
64.422849	0.530109
64.459164	0.567297
64.498584	0.483549
64.531524	0.471871
64.559334	0.449149
64.593489	0.490239
64.635069	0.451076
64.663284	0.526385
64.693929	0.470441
64.728894	0.561257
64.763184	0.481338
64.793289	0.50936
64.825959	0.53009
64.855119	0.505685
64.885224	0.560783
64.917354	0.48146
64.952184	0.514996
64.985529	0.49173
65.038854	0.570752
65.074629	0.478929
65.102439	0.518122
65.129844	0.567604
65.169264	0.560546
65.210304	0.505797
65.242164	0.448042
65.271324	0.582938
65.308854	0.53185
65.335314	0.449881
65.362854	0.476148
65.394984	0.576442
65.426304	0.461319
65.458434	0.490354
65.487594	0.487697
65.521074	0.508455
65.556309	0.622106
65.591004	0.451118
65.619759	0.48254
65.652564	0.507093
65.686989	0.57293
65.721684	0.648489
65.754489	0.476577
65.786754	0.448699
65.823339	0.574087
65.854389	0.560801
65.886519	0.563842
65.922024	0.567887
65.953209	0.561299
65.987364	0.57165
66.034344	0.488124
66.069579	0.460595
66.103464	0.449215
66.142074	0.475145
66.179064	0.542642
66.209034	0.556612
66.244134	0.462331
66.274239	0.510269
66.304209	0.471939
66.340389	0.495418
66.368469	0.488643
66.399924	0.450371
66.435294	0.553151
66.471069	0.519333
66.502794	0.562943
66.539919	0.474256
66.573669	0.479359
66.604449	0.510909
66.638199	0.465427
66.671139	0.585607
66.700434	0.51095
66.734994	0.515911
66.768474	0.490612
66.802629	0.478909
66.835434	0.509615
66.866484	0.473938
66.901719	0.566264
66.932634	0.458331
66.961524	0.579108
66.992169	0.499677
67.032264	0.555695
67.063989	0.557592
67.098009	0.493331
67.128249	0.513496
67.162539	0.559838
67.199124	0.552555
67.230444	0.556782
67.262034	0.451598
67.294974	0.514385
67.330614	0.575398
67.361799	0.539388
67.392039	0.457313
67.422954	0.490212
67.456974	0.56523
67.482624	0.462865
67.511109	0.496925
67.544454	0.472573
67.580634	0.552242
67.611954	0.510164
67.646379	0.4913
67.678509	0.472441
67.713609	0.46091
67.746819	0.554564
67.779354	0.500931
67.815669	0.568761
67.847799	0.552516
67.884789	0.467518
67.915434	0.481774
67.945134	0.554982
67.984824	0.519146
68.037744	0.544239
68.075814	0.507329
68.111859	0.518017
68.147499	0.570256
68.185164	0.520991
68.217024	0.54982
68.251044	0.47907
68.286684	0.550185
68.320029	0.484807
68.353239	0.529059
68.389014	0.519858
68.423169	0.534114
68.453949	0.546199
68.484864	0.480085
68.514834	0.543937
68.544669	0.472776
68.572884	0.498405
68.609604	0.472482
68.641734	0.566877
68.681019	0.498012
68.713284	0.488284
68.740554	0.490888
68.772819	0.544257
68.805084	0.454668
68.834514	0.539217
68.872989	0.542563
68.903634	0.531279
68.936844	0.504899
68.968029	0.495978
68.998404	0.569912
69.030399	0.50338
69.063474	0.559764
69.089664	0.478578
69.121524	0.551141
69.155544	0.495585
69.185784	0.481401
69.218589	0.519287
69.254904	0.454137
69.290544	0.522676
69.325239	0.552353
69.355884	0.449175
69.384909	0.462374
69.420144	0.560965
69.455379	0.521186
69.489669	0.542454
69.522474	0.5407
69.554874	0.521765
69.587949	0.525255
69.616704	0.460962
69.645054	0.494153
69.680019	0.514048
69.713769	0.526208
69.751704	0.569876
69.783024	0.447899
69.811914	0.57598
69.845529	0.572663
69.876444	0.561493
69.910464	0.574868
69.945294	0.541126
69.978504	0.568817
70.035204	0.446435
70.069899	0.571252
70.106889	0.490012
70.138344	0.539706
70.167234	0.464711
70.198284	0.557927
70.231224	0.536019
70.265919	0.505446
70.297644	0.455747
70.328694	0.556143
70.362309	0.504569
70.398624	0.459675
70.428864	0.484581
70.459914	0.557433
70.488129	0.50054
70.521879	0.458185
70.551984	0.473062
70.586409	0.531453
70.624344	0.557731
70.652694	0.470207
70.688334	0.556938
70.719519	0.561796
70.751784	0.521351
70.786209	0.559177
70.815099	0.559331
70.848174	0.508573
70.886514	0.512201
70.922424	0.497994
70.953474	0.554437
70.985334	0.461243
71.031369	0.460382
71.065389	0.463194
71.096709	0.565031
71.128434	0.449043
71.159754	0.551623
71.196609	0.550293
71.228469	0.534163
71.259249	0.466583
71.292999	0.509658
71.328099	0.575867
71.366979	0.528753
71.400999	0.524329
71.435559	0.570203
71.468094	0.501081
71.502384	0.500154
71.536674	0.456695
71.572314	0.535923
71.601879	0.567027
71.642244	0.489111
71.677749	0.515276
71.709879	0.507308
71.745789	0.478588
71.780079	0.550028
71.812479	0.477062
71.844744	0.5736
71.878359	0.549468
71.909004	0.469066
71.939919	0.481026
71.972319	0.537542
72.034419	0.481796
72.068439	0.445325
72.100299	0.552969
72.139719	0.548814
72.176304	0.521721
72.209919	0.564797
72.244479	0.513705
72.274314	0.487073
72.306984	0.574715
72.342354	0.459358
72.377589	0.571024
72.415929	0.552974
72.450489	0.53437
72.483429	0.576745
72.513264	0.495472
72.545394	0.466864
72.577659	0.525604
72.610194	0.566788
72.643269	0.466623
72.674049	0.564891
72.712254	0.578989
72.747759	0.565214
72.781374	0.474639
72.814989	0.446134
72.851304	0.488131
72.888429	0.54666
72.923529	0.541727
72.956334	0.472245
72.992244	0.458817
73.035849	0.453069
73.065009	0.527663
73.096059	0.474875
73.128999	0.543334
73.158699	0.566927
73.190829	0.513157
73.225389	0.579276
73.256979	0.56207
73.288569	0.517949
73.323399	0.495722
73.358769	0.55571
73.392384	0.53421
73.426404	0.492315
73.456509	0.490643
73.488504	0.575631
73.518609	0.461673
73.546959	0.476173
73.580169	0.568171
73.616619	0.572107
73.650774	0.449224
73.683174	0.456389
73.712199	0.561665
73.742169	0.459304
73.776054	0.578603
73.808589	0.538683
73.835454	0.457046
73.868664	0.489613
73.903089	0.541255
73.941159	0.565192
73.984764	0.509364
74.036064	0.508901
74.071974	0.493651
74.102079	0.467937
74.139339	0.509445
74.170794	0.496837
74.202249	0.6049
74.233029	0.573507
74.269479	0.545411
74.301204	0.464699
74.335629	0.501679
74.372619	0.518502
74.407854	0.512013
74.439579	0.478641
74.472924	0.460456
74.509779	0.493225
74.543394	0.483063
74.574984	0.53874
74.607789	0.540987
74.644914	0.513229
74.679474	0.567618
74.711604	0.46477
74.746704	0.561869
74.782344	0.454354
74.820009	0.462475
74.855514	0.558409
74.894259	0.5201
74.925309	0.459356
74.957304	0.526578
74.989839	0.513031
75.029799	0.466969
75.061389	0.557594
75.091764	0.504668
75.121869	0.676505
75.154809	0.48229
75.188289	0.494325
75.217314	0.537221
75.255114	0.48805
75.290349	0.47322
75.325584	0.554281
75.358659	0.490346
75.390519	0.475746
75.426024	0.493936
75.453564	0.541539
75.488259	0.482673
75.517149	0.470997
75.552654	0.514765
75.583974	0.542158
75.615024	0.552244
75.652149	0.492589
75.682524	0.524473
75.715599	0.456732
75.749619	0.503103
75.774189	0.464246
75.808749	0.493728
75.847359	0.486181
75.879219	0.48504
75.912024	0.489722
75.950904	0.568659
75.983304	0.527725
76.035684	0.449746
76.063764	0.480563
76.092249	0.571016
76.124244	0.554924
76.158534	0.459903
76.192959	0.545343
76.229544	0.447224
76.264104	0.522784
76.302174	0.46548
76.336194	0.555423
76.369539	0.565213
76.399779	0.526905
76.436769	0.508764
76.467009	0.531511
76.500084	0.521278
76.535319	0.473449
76.567989	0.5002
76.596474	0.542013
76.626174	0.576065
76.658979	0.494868
76.693269	0.558037
76.724859	0.494592
76.760904	0.570595
76.794114	0.541933
76.827189	0.509552
76.862289	0.467219
76.898199	0.570803
76.930059	0.496821
76.967994	0.477378
77.033469	0.564586
77.066544	0.522381
77.099484	0.576465
77.129454	0.577878
77.162664	0.563249
77.196549	0.515761
77.232594	0.490502
77.261484	0.484713
77.295234	0.559468
77.326689	0.465385
77.360709	0.501319
77.394324	0.534459
77.427399	0.476353
77.456019	0.508359
77.485854	0.509671
77.513529	0.546941
77.551599	0.453077
77.579409	0.604372
77.608704	0.487953
77.643264	0.475721
77.679309	0.480777
77.709144	0.486553
77.737089	0.480651
77.768814	0.446566
77.801484	0.522628
77.834694	0.572275
77.870604	0.527569
77.901789	0.579565
77.936214	0.45774
77.971719	0.507362
78.045699	0.651498
78.082149	0.566957
78.113469	0.448031
78.145869	0.54799
78.177864	0.482886
78.212289	0.541027
78.249414	0.522885
78.279249	0.502954
78.317454	0.505723
78.350934	0.564456
78.381039	0.508698
78.417219	0.491489
78.446919	0.542832
78.482694	0.566445
78.517659	0.571638
78.555999	0.611512
78.594069	0.571238
78.627009	0.694344
78.658599	0.564829
78.692079	0.459018
78.730824	0.446977
78.757824	0.473204
78.787929	0.468874
78.822219	0.521407
78.856239	0.482001
78.884724	0.4772
78.915774	0.556187
78.949659	0.510039
78.981249	0.482477
79.038489	0.492382
79.072239	0.490031
79.106934	0.483727
79.141629	0.53587
79.175514	0.544406
79.202649	0.511998
79.235049	0.508761
79.265964	0.463198
79.304709	0.477104
79.334949	0.541528
79.371264	0.711187
79.404204	0.529817
79.436064	0.572306
79.468734	0.552142
79.502214	0.472539
79.531239	0.451694
79.564044	0.526909
79.592799	0.534436
79.621689	0.512739
79.652064	0.578305
79.680819	0.542061
79.716459	0.512562
79.748724	0.447673
79.778559	0.457694
79.812849	0.449549
79.843089	0.466819
79.877649	0.44959
79.910859	0.502246
79.939209	0.541706
79.971339	0.566019
80.035464	0.541944
80.070564	0.512403
80.104719	0.458565
80.136984	0.48914
80.168439	0.472787
80.198409	0.500792
80.231754	0.550381
80.269149	0.571797
80.307624	0.4889
80.343264	0.545372
80.377959	0.555952
80.406714	0.515239
80.438304	0.52059
80.474619	0.45181
80.508774	0.461986
80.542659	0.536316
80.571414	0.505635
80.603409	0.446099
80.636214	0.460357
80.671314	0.476791
80.702364	0.445785
80.736114	0.567306
80.769324	0.466219
80.804559	0.485975
80.836689	0.485216
80.873139	0.564873
80.908914	0.551049
80.939424	0.527312
80.969124	0.464163
80.997339	0.503813
81.034869	0.500363
81.075369	0.537478
81.107499	0.54013
81.139494	0.499504
81.173109	0.509333
81.211044	0.472436
81.246819	0.569182
81.283404	0.483591
81.308514	0.53865
81.338349	0.540055
81.372909	0.475943
81.414354	0.528998
81.451074	0.520742
81.483609	0.501728
81.514389	0.53072
81.549354	0.518968
81.578109	0.52405
81.614829	0.522547
81.639804	0.552475
81.668559	0.567032
81.701904	0.459499
81.734844	0.456303
81.775614	0.449265
81.811794	0.505393
81.842979	0.555915
81.873489	0.460869
81.907644	0.488723
81.941529	0.48815
81.970419	0.54479
82.039134	0.458666
82.072479	0.495406
82.110684	0.671451
82.145244	0.543214
82.179669	0.566191
82.214904	0.504193
82.245819	0.516541
82.275114	0.539388
82.309404	0.452789
82.345989	0.56641
82.382574	0.461549
82.416729	0.465629
82.448994	0.563711
82.480449	0.568029
82.515954	0.496418
82.548354	0.535357
82.587909	0.493183
82.623684	0.457414
82.657164	0.570624
82.690239	0.567891
82.719804	0.477281
82.746399	0.450044
82.779609	0.525899
82.806609	0.521616
82.835229	0.559321
82.872084	0.566053
82.906374	0.546819
82.939449	0.494439
82.975494	0.539983
83.031519	0.538427
83.061084	0.569058
83.087139	0.480982
83.127909	0.57449
83.160174	0.449109
83.187174	0.515509
83.221734	0.574691
83.255889	0.536703
83.292339	0.548083
83.332164	0.528982
83.361999	0.540145
83.397234	0.520664
83.428149	0.526374
83.457849	0.475619
83.492544	0.536594
83.521299	0.493958
83.549109	0.51246
83.576784	0.523967
83.607024	0.550301
83.640369	0.454756
83.673174	0.469376
83.708679	0.584995
83.739189	0.472716
83.773479	0.508416
83.808174	0.557711
83.844219	0.565708
83.874189	0.507463
83.899569	0.570308
83.934129	0.542723
83.967879	0.454036
83.999064	0.580366
84.035649	0.518929
84.071019	0.452817
84.105579	0.47404
84.137304	0.490784
84.169839	0.548594
84.201834	0.473413
84.233559	0.554092
84.267039	0.525151
84.299304	0.448028
84.336564	0.470327
84.372609	0.473928
84.409734	0.4691
84.445374	0.465807
84.479259	0.506542
84.510714	0.512761
84.545004	0.553668
84.574839	0.491408
84.610344	0.490526
84.646794	0.497939
84.682974	0.491952
84.716859	0.572316
84.747234	0.459358
84.781389	0.521837
84.812439	0.528186
84.845784	0.46107
84.882909	0.516788
84.915039	0.576089
84.948654	0.500937
84.981729	0.487746
85.037484	0.560672
85.069749	0.462536
85.103769	0.45722
85.138329	0.447415
85.172889	0.479534
85.204614	0.478526
85.238634	0.564389
85.274814	0.507762
85.310049	0.458106
85.344744	0.450405
85.372419	0.557558
85.401579	0.463905
85.433439	0.519566
85.466244	0.559043
85.497294	0.570092
85.531314	0.561487
85.563444	0.574986
85.598949	0.50958
85.627704	0.474986
85.657944	0.53138
85.692099	0.47191
85.725039	0.551642
85.756359	0.575309
85.794699	0.553019
85.827504	0.456675
85.858419	0.497733
85.892169	0.563503
85.923894	0.552149
85.959264	0.574536
85.995444	0.553491
86.034729	0.478196
86.066994	0.4527
86.097099	0.493427
86.125314	0.506543
86.162709	0.530347
86.194704	0.575006
86.230614	0.560548
86.262339	0.573793
86.290959	0.530117
86.322414	0.452113
86.352384	0.521356
86.386134	0.476172
86.421639	0.459099
86.457819	0.462307
86.495484	0.520634
86.529369	0.525747
86.566764	0.500082
86.599164	0.532977
86.632104	0.45914
86.663559	0.558336
86.696364	0.510158
86.729574	0.569704
86.760219	0.537122
86.795319	0.456856
86.824884	0.513167
86.863899	0.505201
86.896839	0.548406
86.938014	0.548833
86.969874	0.571376
87.000249	0.558545
87.033054	0.502265
87.064509	0.493911
87.102309	0.570244
87.135114	0.558096
87.166974	0.548519
87.198429	0.507364
87.228804	0.481831
87.261204	0.519263
87.294954	0.499272
87.328299	0.455779
87.363669	0.579858
87.396879	0.551568
87.433194	0.570092
87.465999	0.541234
87.499344	0.477325
87.529314	0.56715
87.566844	0.446882
87.601674	0.505976
87.629349	0.510708
87.664044	0.71128
87.699144	0.47995
87.735729	0.579891
87.769749	0.474688
87.799854	0.605854
87.836439	0.485231
87.868569	0.472973
87.900294	0.536696
87.933639	0.556915
87.968199	0.523839
88.032054	0.568525
88.067019	0.4907
88.100499	0.575488
88.133979	0.573441
88.167054	0.565336
88.200264	0.540571
88.236579	0.465912
88.270194	0.524193
88.302594	0.519448
88.336074	0.465625
88.371714	0.539104
88.407894	0.552483
88.445694	0.57206
88.473234	0.501154
88.501449	0.57799
88.534524	0.462802
88.564224	0.462092
88.599459	0.472976
88.633209	0.533258
88.669119	0.448893
88.700439	0.537197
88.738509	0.557216
88.771584	0.532767
88.808574	0.524305
88.842459	0.448976
88.876749	0.496652
88.916439	0.572099
88.949514	0.465061
88.975704	0.54616
89.038074	0.546292
89.066289	0.539924
89.096934	0.578195
89.129739	0.450155
89.166594	0.557078
89.195214	0.554377
89.226534	0.579745
89.252859	0.54386
89.290659	0.470511
89.325489	0.473547
89.362209	0.552342
89.397174	0.54382
89.425119	0.517032
89.452389	0.489388
89.487219	0.528316
89.519619	0.482406
89.551209	0.486339
89.584824	0.502756
89.616684	0.472045
89.646519	0.510207
89.680539	0.489831
89.714289	0.48134
89.745744	0.548874
89.774364	0.46325
89.807439	0.530076
89.841729	0.474002
89.874534	0.464264
89.905989	0.450869
89.941899	0.524429
89.977404	0.517615
90.035994	0.565674
90.069069	0.452692
90.104439	0.526573
90.138189	0.573779
90.170049	0.494
90.206364	0.567995
90.242004	0.490998
90.276564	0.489668
90.309909	0.528089
90.337044	0.481214
90.375519	0.514538
90.409539	0.529417
90.436944	0.49395
90.470019	0.469919
90.508224	0.557282
90.538194	0.55858
90.565059	0.487291
90.596784	0.505231
90.628644	0.487605
90.658749	0.54617
90.694524	0.552683
90.724629	0.494609
90.755409	0.650241
90.787944	0.552434
90.816024	0.457466
90.849234	0.56527
90.877449	0.521491
90.906474	0.478024
90.939549	0.511247
90.976809	0.513169
91.031754	0.524592
91.060509	0.457094
91.089399	0.509529
91.119909	0.463992
91.155549	0.569737
91.189434	0.513873
91.226154	0.467922
91.260039	0.537162
91.301484	0.517542
91.338744	0.578694
91.373439	0.560342
91.403409	0.531879
91.436484	0.530275
91.470639	0.460085
91.505469	0.491537
91.545024	0.545367
91.577154	0.465451
91.607529	0.499231
91.639659	0.517667
91.673139	0.543652
91.711479	0.539116
91.739964	0.575077
91.775604	0.47778
91.809354	0.470676
91.844589	0.505997
91.878069	0.450738
91.910334	0.53153
91.940169	0.550353
91.976889	0.573817
92.035074	0.537674
92.069769	0.538933
92.097174	0.468679
92.126604	0.479289
92.160219	0.454957
92.192889	0.621
92.222319	0.494628
92.252964	0.565817
92.288334	0.460021
92.328024	0.500763
92.366364	0.543064
92.397279	0.539236
92.434539	0.635186
92.470449	0.57591
92.501094	0.54338
92.535249	0.57035
92.568324	0.542515
92.596944	0.561821
92.637039	0.565038
92.667954	0.520341
92.705754	0.445627
92.740449	0.523539
92.777979	0.534834
92.808219	0.451944
92.837919	0.525533
92.867754	0.576897
92.896644	0.450558
92.926884	0.454352
92.959959	0.552345
92.996274	0.509454
93.032859	0.561155
93.071604	0.512219
93.100764	0.569885
93.131544	0.456993
93.164484	0.514456
93.190809	0.533032
93.223479	0.476744
93.257364	0.544272
93.293949	0.706731
93.328509	0.44678
93.369009	0.519682
93.401139	0.551675
93.431514	0.506258
93.461619	0.538971
93.491049	0.555596
93.526014	0.52535
93.556524	0.564256
93.590004	0.55491
93.622404	0.479892
93.659799	0.560859
93.690579	0.503955
93.728784	0.509053
93.764964	0.529255
93.793989	0.484699
93.824769	0.531045
93.856224	0.540645
93.886599	0.492765
93.920349	0.473642
93.951264	0.448149
93.990954	0.515967
94.039689	0.469028
94.075734	0.499259
94.107594	0.537165
94.138779	0.567076
94.166724	0.489749
94.199259	0.550867
94.229769	0.462025
94.267974	0.530603
94.303344	0.454454
94.334259	0.455508
94.363689	0.496711
94.395144	0.501791
94.426869	0.477436
94.455489	0.496735
94.492074	0.488208
94.530684	0.496307
94.561599	0.518666
94.596564	0.48234
94.624374	0.459448
94.655424	0.476262
94.685394	0.499925
94.724679	0.467476
94.761129	0.678067
94.790964	0.525631
94.822014	0.574543
94.850634	0.519053
94.882899	0.562335
94.913949	0.547666
94.945809	0.469309
94.972134	0.501505
95.037474	0.526951
95.066229	0.530246
95.098494	0.558815
95.134674	0.457587
95.170179	0.479364
95.202579	0.495007
95.228904	0.492361
95.258469	0.450612
95.295594	0.533086
95.326374	0.550745
95.358504	0.572924
95.392254	0.549597
95.421819	0.552475
95.457459	0.473366
95.495799	0.578609
95.530494	0.489599
95.560734	0.570196
95.589219	0.449216
95.621889	0.482184
95.655099	0.564976
95.693979	0.447701
95.727729	0.49665
95.759454	0.568148
95.790369	0.521085
95.826684	0.579015
95.857869	0.574393
95.883924	0.485394
95.914974	0.541562
95.946834	0.543639
95.978559	0.564886
96.031209	0.559767
96.062124	0.548176
96.095739	0.547123
96.126114	0.449642
96.158919	0.464785
96.186189	0.579606
96.218454	0.522888
96.246939	0.483329
96.279744	0.559359
96.312414	0.458041
96.344544	0.546118
96.375459	0.455541
96.410694	0.448189
96.442284	0.573736
96.473199	0.608059
96.503034	0.488707
96.533139	0.497319
96.564054	0.525219
96.598749	0.52847
96.632904	0.479045
96.662604	0.526937
96.692844	0.477587
96.727404	0.575666
96.756294	0.504464
96.785319	0.548018
96.818664	0.57712
96.853224	0.462089
96.888324	0.49998
96.922749	0.511077
96.956634	0.559275
96.990654	0.578483
97.028454	0.542396
97.062609	0.554244
97.098789	0.568906
97.132134	0.554632
97.163589	0.496927
97.197474	0.499026
97.235004	0.455953
97.269834	0.50169
97.302909	0.536273
97.337739	0.558746
97.370409	0.550402
97.401864	0.473406
97.430214	0.461918
97.461939	0.54224
97.491909	0.475283
97.519584	0.5386
97.553064	0.522793
97.589244	0.568095
97.625424	0.53087
97.653369	0.533538
97.688604	0.566172
97.721139	0.492883
97.750839	0.485903
97.784724	0.554252
97.818879	0.508692
97.851954	0.56964
97.884759	0.538307
97.919049	0.520551
97.949964	0.454131
97.984389	0.575778
98.035959	0.478635
98.071734	0.574135
98.098194	0.497902
98.132619	0.445567
98.165289	0.563934
98.196609	0.484168
98.230494	0.505717
98.266944	0.474162
98.301639	0.512505
98.337954	0.449461
98.375889	0.541747
98.409909	0.550219
98.444739	0.454895
98.479164	0.461599
98.515749	0.556471
98.549904	0.520361
98.588109	0.484812
98.618889	0.537837
98.658579	0.539212
98.688009	0.521702
98.720544	0.463757
98.754294	0.502174
98.786829	0.474349
98.817204	0.498285
98.850414	0.53916
98.885244	0.523153
98.917509	0.579014
98.953149	0.524427
98.975559	0.530872
99.031044	0.503634
99.061284	0.470462
99.091524	0.514008
99.125814	0.456989
99.163074	0.553172
99.195069	0.575973
99.226119	0.560405
99.261894	0.457724
99.293484	0.462528
99.324939	0.556288
99.356664	0.477636
99.395139	0.506793
99.428214	0.534249
99.460209	0.472698
99.494634	0.520397
99.529464	0.523535
99.564294	0.497245
99.599259	0.512242
99.630039	0.513504
99.660684	0.47329
99.694839	0.516524
99.728049	0.453866
99.760314	0.563104
99.789474	0.533799
99.819579	0.549193
99.855219	0.531206